399
930
305
785
671
196
264
194
317
758
508
277
404
200
433
673
870
28
742
134
380
970
796
81
295
958
163
846
810
886
885
512
447
901
266
289
765
416
941
573
544
531
648
397
784
268
840
797
611
77
851
590
143
616
771
125
516
559
430
792
538
639
296
583
461
483
80
813
269
921
676
638
151
50
349
606
933
185
562
695
322
615
734
467
489
260
982
582
232
808
694
273
307
298
56
259
627
418
377
879
473
309
603
862
739
778
427
202
709
371
100
237
504
139
308
553
390
112
126
339
373
452
366
749
760
302
99
154
290
414
610
672
591
400
576
738
735
172
252
242
716
521
315
780
472
246
711
453
98
107
687
358
340
245
155
914
331
594
243
532
900
87
501
135
962
19
684
837
388
548
959
168
939
827
137
365
128
942
641
94
129
894
412
449
35
364
162
703
291
991
642
389
649
325
543
688
549
931
482
665
450
438
793
856
127
165
773
514
131
458
874
173
920
230
326
52
607
426
542
794
257
833
558
89
370
240
640
974
720
937
842
713
443
630
593
986
31
551
865
816
762
205
743
628
584
167
299
798
973
170
63
216
174
806
510
181
652
918
30
72
188
592
36
206
46
41
319
776
787
314
140
293
824
238
234
699
625
619
218
477
722
368
138
715
54
486
605
92
58
855
961
859
861
313
825
398
565
335
887
602
668
229
42
843
805
281
470
86
736
29
393
180
916
541
700
545
324
455
116
279
244
712
666
507
121
278
552
585
977
219
580
660
950
892
21
217
222
85
148
478
422
783
106
919
561
481
490
897
270
985
821
707
401
410
444
221
572
47
888
680
83
730
818
801
176
22
719
764
409
670
263
49
905
911
235
321
330
500
39
537
609
469
13
336
457
348
854
233
64
420
311
867
617
698
152
746
948
415
75
437
996
347
527
97
118
705
588
880
67
316
574
658
957
632
175
383
182
972
250
68
16
789
949
683
744
110
231
568
975
811
429
988
213
524
981
586
895
509
702
203
274
323
522
6
890
367
992
333
24
343
528
441
385
768
387
636
661
964
848
284
465
823
598
525
104
210
301
286
731
34
872
947
656
883
653
421
717
191
485
214
795
728
835
595
779
209
108
791
169
338
101
877
82
228
356
440
536
929
927
352
752
907
379
59
834
953
535
186
802
800
10
411
618
73
318
701
391
462
408
654
804
363
936
725
287
815
406
546
374
759
136
303
327
38
980
954
350
446
74
868
382
431
657
878
679
253
557
803
407
179
381
952
271
529
943
4
494
122
258
577
145
378
454
756
781
589
476
540
956
946
520
629
669
193
96
424
120
157
917
369
578
838
869
726
428
159
853
171
199
40
515
881
272
809
468
342
456
9
864
646
631
829
55
530
1
223
571
261
198
873
164
926
978
103
710
69
866
786
144
190
25
517
651
704
282
634
696
511
498
960
967
12
359
863
123
945
876
425
376
539
5
677
288
902
442
8
613
513
750
355
48
320
693
150
463
448
706
189
737
714
20
523
71
207
17
351
579
755
505
597
506
396
624
479
283
413
560
984
831
285
0
156
820
491
955
567
495
241
938
487
807
814
27
690
753
812
909
741
45
830
2
354
312
402
569
581
226
924
153
239
754
496
896
65
575
850
932
686
201
675
361
346
841
951
626
386
995
23
997
928
197
635
184
554
721
697
161
682
11
614
405
76
908
502
392
432
969
740
678
256
782
708
751
526
62
550
971
79
723
994
766
267
899
117
225
976
403
61
998
732
372
757
344
178
44
643
903
898
434
836
460
280
875
965
147
845
183
332
310
464
775
91
345
51
32
966
608
647
18
113
337
480
435
503
95
828
663
466
767
329
882
192
724
852
884
769
208
681
114
353
650
621
596
692
556
445
612
53
37
474
990
141
248
906
555
944
357
637
849
729
195
925
375
275
265
790
33
587
564
212
748
262
488
360
999
423
534
847
149
160
384
341
300
910
664
109
747
130
124
43
633
328
860
334
533
620
763
70
276
940
667
14
761
691
254
15
844
133
727
88
979
187
623
774
858
7
102
923
518
839
211
26
563
599
689
439
989
891
777
66
451
111
306
78
935
394
132
817
294
993
105
570
968
987
655
983
215
822
119
84
146
3
362
922
718
436
912
674
662
600
497
904
826
419
819
220
471
247
893
204
601
177
934
142
857
799
227
770
304
622
158
249
659
224
915
733
963
772
889
115
236
871
60
90
395
255
492
519
459
788
499
645
566
297
475
57
166
251
493
417
913
292
547
484
604
685
832
745
644
93
