2319
2951
1007
2630
1684
2331
1160
207
580
1576
1105
2654
2662
2659
75
1288
45
674
1506
2513
1387
1650
1984
390
529
2065
2981
1811
1298
1904
2530
1416
1114
1448
339
68
1587
1467
14
1596
2559
2390
534
1776
812
2411
2405
837
2468
316
1351
1028
1479
2245
1205
22
159
1500
2962
1043
314
1877
1380
829
2455
2235
492
2937
1346
2323
955
1886
2396
1280
2064
1240
2155
516
2949
1123
2143
10
319
1716
2795
1903
1436
2623
1761
1234
1092
2315
1141
1098
689
641
2508
90
1068
2420
1471
1627
747
1702
614
1672
1027
956
1065
105
1550
2660
1045
2776
1954
25
810
548
99
601
361
2370
1312
1383
2250
2731
2238
1704
1544
1073
2090
510
2798
2808
2906
400
34
1212
1989
219
212
737
713
1951
781
2965
1246
1948
577
714
2894
1557
2349
451
2047
629
917
1528
1481
2889
1586
484
2692
1736
2314
405
2104
209
846
1
1671
2289
1746
885
2236
684
2788
1832
1009
1568
1902
1378
2744
2336
1461
33
2466
836
2920
1230
126
2014
2548
1767
1512
318
238
869
2202
514
385
2281
94
511
324
347
1562
568
1126
1363
1040
1222
1990
942
2328
77
2690
2297
2952
2178
2821
897
1763
2755
541
1208
551
1339
2122
1023
918
2505
2439
2291
751
898
423
2824
2792
120
1837
1558
218
1307
1046
525
2075
1919
1517
1295
2903
2081
2847
957
599
2216
263
2956
1245
844
16
772
485
862
992
2009
2280
2917
630
1908
499
789
1395
1863
267
738
1572
2943
2793
1759
2069
2941
2986
1350
508
2525
2980
913
24
2732
842
808
1219
1438
2891
1723
1760
447
1459
507
67
1064
819
1226
2787
2516
1855
995
2667
940
1847
1770
394
807
1850
353
2911
2005
167
1150
2380
998
1111
1336
1695
2819
1061
308
2653
422
1273
2486
2379
2487
600
2451
2366
74
2576
1742
2913
970
1994
2602
2152
2494
2528
2970
222
141
356
413
2772
2492
225
350
1390
486
2923
2205
2259
19
1889
661
2196
1370
397
1804
326
73
1340
806
2434
2441
2465
102
1979
2382
603
562
1360
1929
357
89
1315
2973
2581
1993
681
964
746
895
2103
2785
417
229
2117
2157
1441
1867
612
2010
669
2786
546
2557
2710
1556
391
329
782
1713
1345
2489
2049
1244
1082
2538
2192
1714
1874
2506
916
1176
2510
506
439
344
2901
1722
722
2555
947
2859
101
821
1054
1304
1911
2413
1062
2674
2830
1066
2553
2391
1494
442
1898
2060
2447
1229
2444
2339
276
662
2621
2663
1408
2387
530
482
1456
1996
749
1425
673
2938
1683
1294
228
1355
579
2452
1279
1468
330
944
2833
53
1862
1853
2351
677
2726
2385
922
702
256
930
2327
2603
631
1094
655
2533
1936
2428
72
1635
1892
1571
2393
2835
1639
666
925
2045
2701
1381
2846
2016
2860
1938
2034
2518
963
1335
2868
2394
360
2298
663
1030
2243
2162
399
1337
1164
402
731
1810
2676
710
2874
2317
2007
2277
2467
744
1752
1096
608
766
1404
2479
2552
859
1697
1133
2182
473
870
799
2381
1090
1601
119
2781
108
1399
1812
1180
1501
905
1356
1660
1648
266
306
2199
796
570
2763
1876
2512
2038
1628
2591
2519
605
762
2002
1211
1191
196
576
198
2534
337
2139
255
1400
1324
1913
1605
1745
2775
623
2407
531
2600
123
1935
142
272
2440
27
890
2100
2372
2246
2284
1365
1266
2223
1154
732
2926
1640
336
1490
2054
1050
62
2870
1427
1717
2228
480
2624
1917
573
1070
1699
2326
1258
857
2643
972
1701
2507
304
1651
779
2661
1973
2699
1331
2541
873
2780
1458
2978
1655
2879
2809
659
1792
2841
2551
162
2362
358
2132
1265
1089
2713
1059
2204
671
609
1666
345
2392
1787
1197
227
1193
273
2549
497
257
2210
2376
1042
375
2495
1891
2358
664
2888
1418
2724
803
161
1091
2421
2189
784
2854
1260
592
2161
1125
233
800
2051
788
2994
2094
2759
2741
1916
2974
2144
144
2979
866
521
192
1912
2992
487
1665
2248
1025
2727
1825
294
2834
2861
369
939
1673
1890
2449
1364
2968
2740
2954
2709
625
278
2898
2163
1371
387
2681
1171
2561
2816
420
1624
1168
58
2822
4
40
538
183
2113
1805
894
1807
1241
2233
1934
2932
1187
1446
1991
106
501
1001
193
388
581
1783
396
2658
494
2967
589
246
2683
2013
967
495
1299
888
216
1687
1445
392
46
1924
290
1099
1132
2168
1560
1128
1348
1778
1019
284
2293
693
1629
1965
610
911
1715
1533
1839
512
1388
271
2193
2169
2977
1987
0
1495
983
2611
867
2743
1674
2580
2982
1284
1541
1709
814
1527
395
1034
2840
1964
1268
214
1982
174
164
445
1322
342
1372
973
2504
312
2595
2357
1887
2745
653
2524
2736
2398
1775
2639
2565
85
2933
2158
1410
1058
474
1127
443
1733
2757
2378
340
1249
843
2671
331
1071
1953
619
1276
2515
43
259
1718
2111
488
2020
479
1542
594
2975
993
1538
264
136
1156
199
969
188
2935
44
2282
1957
1420
1314
2313
1136
1465
735
226
891
2015
260
2615
2401
2098
647
112
1685
1914
2610
476
2473
2651
282
528
109
2063
1497
1316
241
1232
2715
2721
1432
2612
1077
1131
2
1966
2215
622
1703
624
1003
173
1883
795
1857
931
425
2606
1680
2945
607
2904
1796
2802
1510
2697
2863
1056
242
2910
1021
818
1748
2363
2369
2694
2768
1443
2811
1631
438
132
715
116
884
1158
2762
2567
958
245
1604
1844
910
1389
1508
373
526
952
1026
200
571
254
113
1734
849
175
349
404
1379
805
1753
688
430
211
418
2523
1100
1797
2148
2806
959
2896
150
1033
2997
2751
460
1290
1024
2907
1677
2229
1781
2887
1609
1386
937
50
1052
2708
1139
1945
561
2728
1823
2756
527
81
2445
1808
2890
2225
1599
1614
2961
667
414
2794
265
1616
2093
748
1615
1343
2321
686
1749
2102
1301
2263
490
2770
1980
539
848
1519
2629
1342
31
1113
1940
2876
758
2000
2044
2244
502
323
1537
1199
433
1970
2804
1498
2686
2535
224
1530
455
1405
637
1961
926
2198
564
18
2316
157
1101
2496
1577
2503
1998
1932
838
1309
906
1820
994
221
351
2905
262
201
2354
1827
1055
2722
1692
864
2918
1218
1492
2256
1875
2110
2273
280
678
523
320
804
728
2308
889
2133
2832
2618
1858
1338
2669
583
137
2353
2247
1978
1118
1106
160
2208
1806
1773
236
2488
2127
563
1959
84
2509
1369
1789
1414
694
1475
1108
203
383
1166
2464
1574
1254
1818
2989
2435
1708
1453
1573
15
2637
91
1272
1856
550
2183
602
1785
1259
2796
783
743
95
2688
1297
828
692
734
2609
2622
147
57
2573
298
2720
932
1598
2083
1185
2460
2135
522
976
904
1878
1109
1618
398
2546
2011
1493
1667
832
1434
1654
2848
2173
2232
1611
1726
1084
2955
235
2080
365
1482
1865
429
2266
2707
646
877
1153
2226
2096
770
759
1377
1313
63
2925
537
250
2498
1790
517
2820
2782
407
2295
2181
554
299
366
863
1852
168
1485
1946
2140
1116
588
2477
1828
882
2886
621
813
2404
1585
1398
1011
12
2531
2526
152
2335
437
1561
2620
2214
1076
2442
1928
2752
384
1591
977
616
2057
2134
1134
2805
2679
2231
2023
604
1610
300
2862
1407
2268
1942
1937
1137
1678
1563
1329
2427
1341
2605
2175
2583
1901
1884
37
851
1000
1509
2424
1779
558
2829
1768
1163
1511
1526
2884
990
2022
210
2577
1074
1630
2264
1656
703
2019
352
1593
2294
2475
701
775
1012
2723
2167
1020
1755
103
93
2136
2325
2348
1725
668
1287
2187
915
2536
92
1634
1983
876
36
1757
1227
1093
845
785
1250
1795
2946
283
1242
2725
2288
2878
2871
2642
2769
999
1317
243
13
138
719
2408
1352
2758
2511
2150
2190
2112
2842
2304
2826
1505
1396
1516
2684
2568
2837
355
2641
2209
1900
961
679
2845
2864
2478
835
1854
2347
1412
436
1539
1186
2164
1402
1801
1579
2377
2079
426
628
1955
428
2469
2287
155
2050
2454
1285
1927
1514
975
1633
1384
274
381
1977
2001
184
1403
1800
2307
611
613
1613
2712
2716
177
2463
1206
721
761
1487
2813
2004
756
2283
1933
1866
858
1104
953
2191
695
716
1907
2909
315
2948
2632
1278
935
1044
544
303
690
1645
1327
289
1085
1798
893
2383
110
1239
2934
471
532
591
2091
1696
2123
2484
618
725
1786
1826
32
2500
2224
416
2128
237
1819
295
1859
1513
763
1181
2371
1899
195
503
378
861
450
2939
1261
1870
1534
1503
2670
985
51
1238
2685
727
1872
1992
170
1732
648
1848
1451
1152
134
1161
1608
636
1147
2666
2931
191
1765
66
1710
2646
575
2230
2631
1431
1117
886
2106
1815
1344
518
1275
2668
676
1069
2760
1303
1488
2578
2543
1049
1450
1974
2801
2029
362
2924
7
2300
1975
1730
2474
2892
660
1439
187
1565
2687
1366
64
1659
896
1146
919
2337
1720
1406
900
2589
1791
35
1652
153
1454
2129
1816
1546
2028
2983
1967
2114
1419
1004
2750
30
742
815
1754
899
2171
1949
2153
2443
275
2570
2107
565
2055
2217
920
1215
2201
269
2885
809
2803
2344
1409
924
1939
1401
2718
1194
59
2764
1083
965
2529
2991
145
1286
2476
281
311
2305
1267
2105
1582
1925
1236
2172
335
2730
1435
2012
650
2664
991
989
2077
1190
1447
1663
129
1489
1499
1155
1943
587
1882
1540
176
1462
2018
584
440
823
2302
927
1668
665
2356
2579
1251
124
2916
1869
2186
1774
1463
2571
2597
82
194
1835
2085
2255
978
1518
1320
1036
1041
472
2872
2998
130
427
1999
1079
2869
149
2527
61
2084
270
293
1771
1182
449
2912
88
1184
2342
1524
680
2269
801
444
1728
2400
1031
2312
2311
17
683
1112
831
2843
1764
1167
171
543
2483
2566
852
2072
1824
645
741
1086
2301
1022
729
1391
1262
2797
2617
2586
1175
941
1460
2306
2594
1271
1647
1885
2197
2087
163
97
854
2092
2900
313
2995
2068
1676
2333
2831
1921
459
1735
1594
1602
2126
921
2748
2616
892
370
1140
2497
2156
2456
750
615
2071
453
1353
86
128
2430
186
2963
2431
1962
1502
2761
1600
372
2450
2563
2262
1357
2101
2969
248
1664
291
2746
2141
1433
755
1969
208
117
1522
434
2993
47
635
286
649
802
2265
2650
984
258
2448
753
951
2675
2350
2638
1210
454
2644
1122
556
1504
2099
2425
2458
792
2059
1861
2855
1721
2693
1552
2241
1067
1253
2558
1282
1220
997
793
431
2074
2976
2747
3
2990
1424
1860
493
38
2734
408
1532
179
406
1958
2520
1637
1333
1292
1846
1711
111
569
49
1430
1584
2604
2542
2790
292
412
2203
1330
1296
1142
736
2453
928
285
1115
1121
1080
42
572
519
2147
2166
2006
70
1762
1864
2960
181
1157
2953
1413
533
950
213
76
820
380
1881
1693
234
934
586
2426
971
2399
5
2033
1840
367
1705
379
724
2717
1120
1597
787
2996
491
121
1097
1803
2271
2598
2429
2290
1203
1849
2556
2397
777
2423
328
1719
1478
1233
2569
154
1691
118
2414
2635
1081
2108
478
2608
2160
1270
1323
2754
2251
874
1788
1452
1707
520
1015
371
2345
2818
1625
2852
1737
1880
475
1926
2261
2545
1740
1724
1950
1836
249
1698
1622
2188
847
389
1555
2299
1477
797
2340
1008
277
2395
595
2647
456
2120
841
1483
2838
1995
1636
251
811
2988
2714
2240
606
462
2116
1559
1638
1256
1632
720
115
11
1469
2200
2270
2514
2640
826
1394
515
1311
1300
547
2211
446
223
2742
483
288
2374
1102
545
1661
2627
1894
197
2719
865
707
1619
1257
1200
401
1521
2419
2481
1221
1173
107
489
1051
1731
1972
2242
2432
2276
2899
143
8
2195
253
1772
279
2729
1623
1963
1549
760
1006
2957
146
172
1421
1263
2985
2115
709
1520
2165
376
100
79
368
982
2554
2499
2928
1784
540
2417
1486
2329
909
1367
822
1830
1626
1515
2857
853
658
1455
825
2930
2677
1349
2827
2082
2118
2753
2274
215
2749
1922
2384
754
1476
830
1896
2422
87
1842
1032
2779
1653
2588
578
1088
1843
966
1332
2058
593
148
2436
2149
2359
2656
96
2537
2402
1641
261
1235
1525
2771
1442
839
341
2318
2547
2773
2285
2789
1209
1143
1841
2125
1318
217
2041
2073
127
733
1252
382
1192
2825
1868
1183
2698
1997
1464
1017
549
620
685
817
1411
752
463
1766
907
359
2097
305
178
1470
1617
2696
656
2873
2584
441
2159
936
2124
2062
2146
1888
2461
470
1491
1738
1551
1213
1376
675
771
1706
2596
2437
2966
2636
125
156
1002
903
2560
2733
2008
2783
1354
1554
505
824
1484
2375
2024
1897
327
1906
1129
2947
1851
2222
2234
1564
1686
2406
2368
1437
2883
2540
1838
536
2574
69
2633
1289
1739
1362
1981
850
1063
2791
2095
39
2867
2258
1428
1923
1976
55
1956
231
711
2343
500
2766
20
343
2218
2267
883
730
1529
346
1548
1423
698
757
2673
1794
461
2927
1228
206
1264
2418
2025
1087
2619
1690
2778
1535
640
2881
2844
393
448
2485
1334
2626
2849
1124
1750
2388
697
1078
2702
1679
1952
2517
1507
1658
712
2309
2502
708
2858
496
140
374
1575
2415
2457
2987
1172
2522
1037
1662
1038
2921
560
2613
52
287
348
881
1472
2999
726
2777
133
2480
740
513
1589
151
2672
1893
946
2482
687
2810
1799
627
301
135
1569
2410
1729
2767
180
1179
2950
1545
419
83
2154
1159
1308
1644
131
2176
840
2614
1281
2695
78
2237
1255
1385
2053
504
1700
1247
642
297
2984
1029
2880
2691
566
322
2043
2254
2346
1603
252
2257
2893
962
310
524
968
1204
2303
1780
657
908
1829
2959
1769
765
2180
2032
185
1590
182
466
481
2365
2177
2170
2352
2174
1531
1075
929
1319
1016
871
2067
868
1457
1642
1269
2089
2324
2039
1047
700
2922
2971
856
638
411
2914
1918
2738
1592
1426
302
2253
1216
643
1358
2682
1072
28
2815
309
2021
1293
855
386
585
557
2564
1879
410
2575
1915
29
902
1188
1741
988
1013
878
421
1620
498
945
2645
1694
833
60
2680
1382
872
2572
834
2882
71
334
949
2296
2942
2625
923
2052
705
1581
2784
1039
987
1802
98
790
1570
1813
2689
41
2088
2227
1612
1145
2628
798
469
6
2836
1782
535
240
1305
2184
1393
723
1326
654
2828
2850
2334
2409
634
2070
1237
1809
1248
2490
1747
2607
2206
2812
2212
458
2252
2493
996
1374
190
2902
1727
1202
2585
1321
1871
2389
1523
2239
1834
699
2657
1944
1547
633
1225
2030
2590
791
764
1359
2592
1103
1985
1135
2649
415
1873
325
158
2851
2737
1607
2765
464
2501
354
938
1669
2532
1474
2332
1429
596
1375
706
230
1223
1480
2076
2061
2856
2958
2839
1148
2360
189
23
2373
202
1643
986
165
773
1941
338
2705
2119
1814
2035
1107
2109
2179
2249
1681
2278
1688
247
377
778
1144
2582
2700
2853
2367
2446
559
509
239
2056
204
652
2550
2706
1151
2823
2711
2207
2936
1060
1758
122
979
1578
1328
597
1905
2040
1606
54
2017
2704
2364
2138
1931
364
2341
2292
1920
767
2471
879
1057
617
1119
403
552
2386
56
2599
2807
2026
2634
1646
244
574
1178
452
1195
1177
2655
2086
363
2048
1845
321
914
1910
2972
1895
1010
2036
2964
901
780
467
696
2130
887
2817
2260
2185
1567
1214
827
1947
2944
2042
1306
1595
1018
432
2031
1466
1005
2897
1397
2046
2739
1712
582
1588
2338
435
1014
2219
2919
948
296
1283
1302
1682
2213
114
1169
409
691
1201
2279
2151
65
2320
954
651
1368
1048
1496
1422
2648
2438
1793
2703
542
1756
2940
553
2361
2131
2665
1822
1174
1373
26
333
2137
1536
598
1566
1971
1231
1744
786
9
632
739
1170
2462
1277
1960
960
2433
1138
1821
104
1473
860
2470
465
1347
1053
477
2220
457
1440
1930
1449
2221
1743
880
943
2145
670
1657
48
639
875
2491
2275
1580
2003
1986
317
166
80
980
2866
139
672
1988
704
1553
2412
2877
2539
1621
1417
2929
745
1325
2774
717
1110
2272
1035
2459
769
468
2194
205
332
2121
1968
2601
2403
1217
1670
2678
2865
816
1833
555
626
1243
2593
424
794
933
981
2908
1777
1291
1909
2799
1361
1583
1130
1649
2521
2286
768
2027
1196
718
974
1198
1149
776
1831
2652
774
1444
21
2814
2562
307
2142
2587
1207
2735
1392
2310
1310
2416
682
2800
2472
2544
1543
220
590
232
2322
1165
2915
2355
2037
1415
1675
169
1751
2066
2895
567
644
1224
1162
912
1189
2078
1817
2875
268
2330
1095
1274
1689
