12911
67123
19373
5239
5672
3175
96481
26639
50608
35972
14789
77187
26643
55484
38077
95520
12685
29379
46687
24678
31873
8437
54388
15875
42754
82064
36926
7030
76289
62198
33513
79294
66466
12360
46215
18734
50109
48839
44911
21445
59842
123
25684
94837
6289
58128
36721
75834
23228
7804
32878
99559
10375
13433
32110
64227
65165
16425
41483
95027
44393
82961
95081
35725
17958
23908
52546
6335
62377
2615
17255
84509
42828
52487
40465
86977
18343
40622
74933
98749
32059
58819
19457
8551
65928
16392
68314
44163
15186
18680
46890
29142
29933
64719
88737
34204
54646
50342
3346
51412
38570
99740
60476
23262
86702
25841
80925
19171
85050
83612
56838
84814
48023
20706
98951
63384
95657
32144
63669
53305
16807
30292
35696
35235
23156
73539
36644
17597
24535
14634
77318
88695
39570
66186
73381
29281
40254
16865
69221
21433
96525
13499
67602
53064
41293
87263
69570
72847
2359
51617
31677
57524
57420
65713
94057
45133
4068
57155
83494
58678
36921
82401
39402
68974
93792
12961
70353
37308
30863
50529
70371
56158
46710
58470
59901
79574
96194
4119
78378
82711
94770
36152
80282
26981
63516
91826
11290
12118
2268
20000
43503
35321
8901
15814
94508
55110
54177
91217
58117
82590
75983
10274
10050
95664
91730
37980
13762
36373
91638
67321
42269
28174
69888
82769
64502
63373
98888
93684
74045
5980
23471
91274
37783
15602
10867
59523
11563
56651
61638
78488
79450
94469
63913
32298
58967
86530
59211
4965
36516
96092
94428
11248
19443
33357
73425
57432
94462
60511
63860
73406
56257
942
13015
28102
43336
96386
6108
95700
70430
28003
7589
70585
52049
48007
41350
51737
30794
69753
96899
74735
30327
44358
6927
50565
45711
81634
94978
47137
75507
94325
31010
89469
37015
91953
33653
80779
60042
661
49686
77515
77613
203
83802
97239
3922
65638
9619
28292
87237
12640
49129
14459
66964
18347
6370
7403
34101
33503
81906
36433
22733
44182
71561
98586
48545
80090
48571
86279
58235
52177
23174
13177
94641
79995
55028
21722
37024
45374
64427
1443
13987
26669
1061
46970
45142
12192
72813
9896
25066
48050
95824
78870
71222
71392
30383
98752
7099
65886
27649
13121
71348
21685
64207
71766
90053
83489
13812
10302
68772
99400
72991
4666
91072
43963
28130
71305
91421
7608
43183
33649
10779
27646
9969
80178
84740
80206
44733
30704
84849
47732
2074
92780
30135
75026
73225
21492
58147
94671
11409
62577
97294
22785
79884
65220
22955
73527
63649
96901
81685
13029
82490
31233
19715
4193
31372
49067
74377
13610
42136
82901
22358
69021
23978
49126
34549
91767
33798
64386
35774
67114
60364
96524
95243
85867
89990
31488
63681
36473
91993
25382
5537
38786
14043
90612
10348
42879
22536
61076
44121
11968
41056
4536
17206
3199
84245
34346
41755
90096
62808
93971
27216
82553
44205
42340
40114
91801
19365
17093
99013
61129
45083
75902
48048
44611
39033
61684
90818
17301
18810
96591
35768
2879
92796
60811
32641
13388
51347
22112
79773
91532
4361
40448
48904
98350
56512
48254
86155
49268
46699
62251
88664
89088
80863
72949
16533
59180
75668
11569
15882
56103
53478
92318
17353
51289
51423
59169
31038
46930
82885
12857
66024
48874
78351
55594
49220
62289
45279
93538
50945
13781
30852
46159
78733
38815
85773
27204
43453
7923
90295
54320
31361
92807
3282
30433
67588
86059
46744
22933
18728
37382
65289
15966
77864
14176
26963
55234
66980
11199
47009
68567
13310
53544
67376
47848
75676
63923
44859
31269
75513
36463
85032
11921
34382
63856
37162
4627
74229
42726
12596
89580
50812
55578
58770
56368
71764
11440
83202
90268
64816
32970
84412
18200
61905
69560
21291
8581
14249
98306
43066
40456
66817
91043
97642
43200
94568
22420
11378
29942
41690
85377
84466
38994
62805
25149
45569
16698
79867
85211
53926
82807
78911
53819
97822
61767
56168
1781
48853
7743
43774
2812
97081
53737
13222
4020
87878
80726
65918
506
83505
83978
93620
36226
34085
32774
20845
15174
97267
55119
54717
13570
20308
67156
97452
76532
60925
51219
73819
39639
76236
47325
78950
47546
92728
56346
65057
21092
57784
52618
84279
2079
72194
58333
49705
33061
1898
95680
80960
35887
1925
95893
8097
31948
76039
22795
38751
14077
20381
19905
91645
94087
25869
82481
5561
87019
25237
3314
93824
23322
22310
21165
32117
46739
17921
9213
85383
95912
71121
55440
17289
66678
27514
66358
99888
49564
98916
33415
67502
10742
76803
28441
9182
55104
94141
25344
89723
4311
1451
38545
92221
33945
19743
69686
73161
24044
91787
66718
53990
52991
81139
38213
81729
53851
93558
30855
79366
76340
53600
79058
49982
17170
44880
75749
29368
55145
84732
97976
22136
37872
17929
76734
45681
16137
46388
51082
12093
54204
4132
70866
69944
21729
83614
63744
77916
10080
74942
69881
15709
59628
17914
47285
74363
74040
31828
68571
12410
18513
13759
16600
94912
47990
79763
76160
33818
23331
9693
19891
56273
81293
99837
86758
6148
23047
17926
81353
29202
56605
12445
38965
95601
31781
70530
80037
64067
67229
46165
54524
90669
52769
31860
50845
34039
7445
74141
59895
49716
91232
32859
17202
80846
50325
1431
27896
91285
64197
4174
52717
97228
89265
63189
33886
41222
13147
61755
41776
3323
69067
43170
9503
81673
35839
48660
9161
6269
66150
43308
49887
70277
43239
39835
55374
77149
72635
6992
39868
45068
39949
68275
57941
75089
45918
12956
41348
45419
76749
88535
63963
29719
7822
13385
23505
20151
1188
76637
40037
14168
90164
19571
55029
65270
62592
30665
67009
41462
86790
78299
19556
31553
98145
53148
34541
86505
61805
30750
69752
31651
64690
86243
17297
55169
38667
7303
56518
35251
62071
44140
30871
53761
80543
88635
77724
73365
60763
45137
47028
13919
18440
962
77114
8271
70498
98115
76887
952
55178
23623
32389
65524
13287
42502
57326
20123
86916
32886
54532
30133
64528
14596
88728
7250
72595
59305
31402
82725
74900
94901
56233
85277
82248
1255
48791
14114
98015
56389
47726
13418
91618
90792
93421
17429
9529
76820
52368
35525
36467
44823
16390
59111
36137
88547
5579
85514
21428
55741
61354
1409
31194
6709
86091
28442
45956
58841
16670
79669
25209
92010
38921
18866
89146
82265
52912
12897
13198
67075
20313
94600
92488
85505
38612
22487
11786
46573
57702
90955
25311
53145
98480
26630
12891
40813
50298
78667
77728
79273
61876
73109
30991
89341
74910
71153
13329
25880
5528
41170
6122
93583
88
24131
41469
35837
62170
8132
57450
45885
37831
2864
28503
57236
32959
46408
65773
10293
527
25131
35658
76010
82658
35451
65555
62273
88219
44535
4107
74439
284
7616
703
61980
48527
78088
23292
83437
79241
41988
53295
26126
24704
57920
44787
90833
47379
2217
8807
32361
3555
28122
18409
12868
45582
44945
11772
71239
12782
77705
28838
99489
6079
76481
62515
32347
30474
55147
29537
1489
60676
25000
51414
18877
6750
55448
56699
72667
37679
47430
90104
43290
78393
13519
21289
96661
67414
56538
56706
24423
17033
80568
63807
2605
66710
91605
93699
23867
73729
79247
95697
90249
50321
33918
27277
94331
86020
81898
5927
25262
20933
89804
96264
6053
14840
43173
10949
40154
17864
75678
36162
37629
327
10628
59428
63966
65741
41106
28867
11321
11654
23487
47835
61811
1137
55638
2007
69521
25481
97443
49206
47210
45941
42453
23151
3330
10599
68599
40881
26213
98547
26463
70091
91005
76569
40255
33417
64439
92540
70960
1895
73275
18331
72698
67105
70871
59396
26485
8976
59381
62160
606
48724
57517
2532
21302
39517
20726
55382
84522
18678
13956
51382
36887
37651
78474
76839
34508
26768
58321
58975
76262
12895
84995
86106
67870
73588
13980
66162
7630
18069
38346
82341
8249
45359
80052
66224
56832
82312
17860
10428
61023
17981
84518
56244
6439
34761
6593
42165
16570
39864
27335
34019
42492
38144
62471
86747
19073
12408
54021
16403
72931
40232
42511
23559
55255
82795
89657
50578
20790
77873
33946
32945
14950
47507
93312
99984
54636
1690
12010
98186
71702
79192
37330
439
10831
14817
10005
68652
57048
6153
60236
12501
44380
64631
16316
54013
83352
45416
62557
214
73228
21897
46775
91402
88325
29457
49843
96480
9564
97520
62209
32721
19182
68465
56095
4752
10827
14040
8992
16460
45112
45353
21696
31474
4956
29232
27828
58345
77977
72841
75962
89493
15831
56957
44418
56215
81257
33753
28389
35181
63837
96274
96143
71528
2208
23098
71843
87776
59823
73774
99900
45926
45932
46978
74941
71427
9927
24931
67276
15138
27447
14828
23333
73860
53031
99950
56950
91623
41742
84571
79945
5866
55049
87127
265
29615
48604
9899
77329
3011
34966
34538
55650
37976
79684
54303
94455
80172
39266
67633
32771
54521
18267
91789
42428
42474
9446
32566
59066
75415
72403
54590
92886
50162
12107
77157
28196
18698
55231
29391
30003
66219
74273
57875
66194
6641
89141
76619
39482
6095
88060
45319
3028
18119
53542
26559
26926
40433
2797
86779
30768
19726
74008
75635
15820
64524
63640
74958
18682
63968
43611
22103
17271
19733
86126
58681
23552
42265
470
79938
39567
27064
45099
37876
59698
92860
28822
26587
17285
7201
26193
24155
61320
59272
78346
16665
95556
13539
21657
1835
42105
47047
69463
3711
78606
39934
75088
86637
88136
32501
64827
52628
30268
91778
86901
3091
84123
46352
82487
87865
71056
68800
29383
55079
53515
62324
70152
21052
89623
96132
14799
84277
25162
39717
59649
50493
97967
96497
32330
72170
92312
30564
80217
90391
12017
1059
2829
94190
85577
71719
66292
31124
72250
22364
58280
33590
64888
98223
90632
19132
90815
83445
81748
945
48000
49954
81046
77844
46513
20907
93119
17516
44049
88539
37516
36799
49350
1176
67978
5475
61600
99015
60087
69385
25790
31459
31965
55807
3685
79935
99855
29482
22334
80602
3744
48233
28394
45776
89105
36572
46339
98907
19587
57681
57501
79054
47278
83863
71589
24141
11461
60559
74551
48265
57807
1803
90617
96112
92126
32716
15155
87512
13138
73971
47239
16243
53897
2332
49596
95157
84095
25735
93775
60424
13575
74299
88142
25138
89320
91104
27080
98377
26954
80141
45383
17612
64198
10710
83391
11033
18586
54515
65633
73582
71881
36588
29738
19844
85951
55105
49757
9785
60574
50041
43404
98283
1887
54260
55072
80815
7885
61328
36075
81779
71863
88530
67255
26348
49435
75035
70196
42273
10527
49948
54664
88952
39931
978
59747
35695
42842
60775
39597
34036
49600
11614
42345
21867
52472
71035
73220
44080
11534
58380
70495
3467
12705
80843
80650
13438
28462
21503
50069
45205
66405
59807
65739
60661
50508
54744
4410
18301
74833
83226
71627
2159
93285
81963
71178
70985
32924
47600
35407
94924
25556
46396
98363
93884
32077
29233
48818
26697
4270
2229
97930
10224
11008
74773
80272
52283
51300
50261
23658
93662
20804
3754
14392
44474
41583
6131
61002
28926
31593
2786
77598
59980
46030
28864
65117
67522
71570
84369
41207
71622
93535
82584
1609
47797
16024
74319
68597
93293
10987
20007
15534
7760
64607
25366
98440
90048
62280
98679
32212
17405
35344
39042
37044
15857
66599
5597
89785
15395
29945
71260
89128
74019
50891
16710
88844
84626
35095
59460
58878
67306
91028
92576
63912
17406
69251
16534
62218
21785
25230
81763
57287
53866
94296
96101
21048
65499
8779
20185
82084
13592
71872
75449
60204
43569
85793
92902
94520
64874
693
36808
48464
64879
99947
78959
3431
9934
76422
37560
31323
57821
82449
90197
4614
26373
21206
90450
71478
49740
90007
19524
98508
98840
96579
72569
16791
49306
13888
64138
87986
16079
13019
78244
70058
57396
26799
94264
12464
18732
15200
74771
99909
65661
22117
17918
880
72301
45775
29286
54840
5797
48197
59308
67922
73624
48461
93210
62806
26638
44419
83156
65044
73684
4319
46423
69836
32115
70661
25378
59341
5997
68534
93109
93858
20911
6557
43887
84049
32495
38799
16724
87432
98502
43878
46961
83645
82
96911
5487
25099
92013
15182
98041
64341
74192
64257
62276
88620
27627
56035
61692
5750
50797
67464
4025
70171
44360
66345
97708
21125
18515
30648
68602
5272
81957
82606
5710
13899
84873
28790
14638
13856
75051
8178
42359
84730
40967
31537
10287
63271
27437
67370
25035
64477
51821
30503
14143
88009
84651
10260
15607
38483
18983
22296
90971
4587
63514
65139
10977
60458
73777
13261
19439
4436
29683
13945
35980
69418
17616
32480
595
48691
84655
18199
69479
53724
47261
5557
91391
17452
57092
96382
81744
2258
5465
69147
37598
68139
49375
77278
93831
71907
76859
91514
14618
75207
82148
5703
28101
76579
33388
92659
50212
51101
12038
81926
98065
9806
5413
20073
95751
45395
83435
85829
64823
90068
57440
13226
76259
49307
5565
25692
5638
63555
31910
11807
62595
19420
15127
28572
17572
60753
75827
76271
49487
96971
44698
98082
11182
96127
96068
38174
34314
7943
67138
24296
29087
1438
24330
79320
66333
9431
58067
44540
80003
52323
82054
21630
65209
24869
18960
64454
11204
68761
73256
79882
68684
2771
18850
61429
56882
92644
41530
63831
44541
31694
62730
83196
81472
85816
94088
42183
8920
98353
60425
62663
91109
16891
27068
29133
43021
24690
6529
88200
85960
48763
98522
34500
19127
88068
84823
86927
89784
27914
94207
57813
87638
24607
40851
84307
82273
4333
90987
68693
73284
6833
83770
2589
80730
41298
82504
26494
86003
65561
35733
83207
21554
50098
95973
28582
68811
40988
29892
12150
78663
64831
71856
88684
34637
63239
85888
86211
39686
14934
69544
36809
77025
72444
40180
15153
6380
66785
23246
8340
56885
83539
3615
94271
45266
88519
34577
69037
39249
41215
84323
6997
17485
77497
7706
5024
43467
11834
18081
16695
51180
87820
26215
61308
89969
81435
50789
31258
16951
93084
73133
38675
19211
2250
20010
31259
24520
69027
82936
58472
8753
94223
17381
71486
60900
88589
79134
89561
45684
49085
40663
14416
74766
63025
15062
42711
82571
75543
54389
11123
29730
73855
27329
56345
98124
15870
20218
69252
43252
13058
74462
51455
64374
61694
30783
34840
89973
68068
14555
21607
78706
30475
64976
80731
61938
2888
10687
85516
55057
9659
25046
37721
31615
36326
75453
43660
60331
95816
89252
67751
83465
91656
85689
52904
34434
50454
84257
72480
44135
11774
63359
6852
30796
16063
17063
61708
67828
50609
35353
83920
82324
64419
42818
58568
95378
22846
25777
29976
9090
82285
2717
77517
62935
15931
47647
70433
22073
79872
11236
79534
22293
68146
88462
73935
28437
20764
84845
1315
24641
70490
74782
2787
31951
62635
85917
7157
84114
11981
30674
47940
83498
55339
39442
67480
62604
28534
48232
73632
39136
58926
46777
51097
14167
80398
72363
80563
36613
29258
48477
64188
5193
96801
11303
27351
18254
43358
49272
47701
14125
18812
10149
60855
55687
77593
20529
68843
84469
37152
18378
60755
70544
93581
68409
83849
33664
63429
64930
87740
42297
69733
8804
90958
1008
37900
1486
21764
67524
53606
36077
25181
68233
13639
62978
80347
79034
13317
73244
91139
98873
74617
94051
5038
45811
89796
18972
8820
91786
64432
53474
93063
44110
18858
11673
22489
66495
1655
79825
960
26495
19041
43540
12216
1582
50332
27712
70409
91444
19354
87055
99647
97474
66800
33913
93436
56039
40149
40468
35446
22227
82471
44218
56645
32729
97231
18661
92677
30323
90155
8018
66426
17105
15610
64316
19600
16446
23977
66242
44340
92693
32416
35796
9889
51475
29743
27305
69786
67625
86550
48463
51771
14947
9016
17059
67613
62686
99517
58887
33239
5716
80882
16947
77774
11399
31964
85881
17547
12258
88475
58578
28285
60693
97101
66538
50112
91435
44332
51436
7330
22184
95209
90895
58950
89327
33780
6144
17605
69012
50439
6996
13497
65778
60095
59484
37649
51353
41605
383
61749
5874
87930
61902
56102
80139
69298
51663
46300
55859
59707
30182
71675
17356
8363
79767
12595
93385
93745
57628
86601
2778
57512
86051
39747
10241
88751
41080
40160
52862
18911
85101
26680
90880
3104
1036
14335
12099
47175
97123
15285
10015
68380
24238
47351
45227
80232
29910
50318
40274
69683
56533
60376
96354
98496
63667
4648
73821
2599
76478
82434
27310
20872
69451
20704
25296
79836
43486
31513
8961
85825
59034
16223
58317
20999
51261
70919
19165
443
82072
80187
41502
19254
36984
28378
75491
772
30283
31320
31067
91203
13806
41370
34526
5663
20966
92531
45071
97059
53519
62382
15790
17029
3210
33986
18598
28202
34522
97577
34255
63518
52460
8619
92185
35894
44134
37391
36040
63132
54834
67315
40138
43507
38328
64948
21189
74846
47177
24023
58530
97451
46660
96240
1358
72623
14454
38950
31923
86960
72631
89647
73952
54914
31706
30586
47663
53791
153
39374
58167
82911
14456
19796
68132
96321
12175
36545
33518
37307
12660
78074
6044
18774
46813
72977
88648
66120
11313
87723
90333
82838
63810
27358
37139
21000
45478
72983
14009
4103
70389
27390
57313
45183
28761
45661
41295
84531
74272
69432
55777
27529
20036
77153
79531
50113
31232
818
950
54526
702
98275
98507
33184
73877
66326
2420
52558
41827
64670
14423
43705
8430
17084
50227
71502
31784
32871
32958
98537
63535
63112
64791
73522
56281
2365
68078
40230
4927
75764
63677
28410
47921
56905
62753
76015
51731
16115
48757
59697
1322
66059
1317
39940
8554
68213
652
7357
70547
13152
51847
60417
79008
94157
9357
19647
32055
46734
5300
98936
93078
32673
57161
35587
52252
97649
88430
92143
93590
92266
46972
32078
77427
91602
33090
8950
45790
5501
26683
57337
19424
57298
15133
39061
13132
7756
94058
5167
72191
94574
7605
46379
9745
70298
47046
72583
29810
90761
97106
89706
11035
4934
18097
50124
60922
13466
75217
75920
20749
20292
50433
62228
49492
25587
28509
45339
91388
84422
1948
88349
26154
40099
66049
87415
87998
31093
10205
9598
80498
89366
95277
98351
83033
81052
38729
821
21509
60508
8933
99860
39602
60249
82067
31489
10691
63894
43771
70017
4819
90456
14810
58284
98581
38996
87373
54712
59589
52934
15246
53292
66050
98262
74376
24372
58758
80867
59579
31294
81722
65690
1989
23910
13713
76097
36222
14085
84652
95535
32194
54839
55081
35051
30930
90472
55148
45477
48668
10350
36470
43098
99278
94858
94434
10314
10505
18140
22773
66689
80499
57673
82551
70440
57445
7304
52772
30485
1874
96164
99621
37078
32969
75710
7310
5138
57422
22904
30610
23664
14901
88564
59809
84630
27448
42946
14716
36538
65084
35367
17835
22693
55699
3701
119
8013
48336
46624
57699
23330
55107
26576
65253
7289
19782
42632
85216
38134
40027
78889
16603
16898
16085
26679
97441
23726
41911
44226
11666
83881
25874
25609
45184
1892
9251
55517
69267
40812
41878
46950
29410
43278
34419
377
85900
22726
41195
91703
21676
50685
94290
27725
90960
16143
78739
76354
75765
62840
31465
20600
55348
77958
35118
53388
64347
34177
1604
89295
75159
22541
9368
44458
56115
65587
99265
89092
3318
32645
8189
52880
20590
32041
80708
74426
99629
77384
58993
19980
45154
60173
43425
11723
99632
54560
9841
54974
96572
45598
6460
26666
10839
34010
56311
26658
63145
86476
76849
27297
58680
62260
20805
64387
77726
12476
44203
85303
46095
52854
68476
3540
44820
30388
39818
84433
64943
57159
26432
44648
64310
73988
28569
99309
46986
51962
48322
67402
11999
84046
44655
74848
5640
22953
55906
83082
4894
8882
56196
16167
90208
25202
27730
45512
52232
12142
60311
52857
79760
27474
41862
81349
8274
36363
64891
59467
16169
97777
48568
96670
45466
67583
72126
44799
50919
71359
72156
92124
35098
60380
68516
45243
33992
71798
87431
83097
70426
14450
99857
85076
2886
90626
24874
61389
25201
62082
11466
49669
3473
42751
1612
9679
82863
18830
26458
64087
78020
11847
77981
1682
48480
76490
12169
93456
61239
3893
31690
47753
96261
25390
63155
60411
28529
54614
89365
80286
9713
98792
18348
1983
93468
3635
39573
59985
52300
5848
70596
20604
79980
60434
38823
85257
14888
95489
10854
70963
6938
19153
87461
39411
65402
16808
99688
75522
51406
31894
12720
27334
14847
289
85046
81882
46503
41887
50858
75685
88948
97949
79766
90637
20262
25652
43841
17544
18691
40102
8849
6110
32939
93822
36320
24350
80106
75211
81591
48716
25537
2970
56312
33394
79848
81617
72792
37036
48570
65081
99736
20594
18790
18477
68310
26498
34069
96007
97054
49318
49751
93360
58182
4883
79577
10074
56975
58898
17479
2188
99703
88762
8485
88568
91399
93260
29011
86069
13074
27451
97351
76589
99757
74921
36424
81458
21940
58627
79021
42684
39040
38844
49202
7298
67573
36529
87505
69657
63156
69848
61084
80833
1235
53970
42576
84157
46181
88985
40842
40712
19022
27611
79609
49423
82056
17800
75294
85928
65833
46126
85324
13630
84465
67200
11081
50482
47229
82367
31254
98693
61753
98185
91265
26159
28879
99602
42680
46924
64923
90288
66163
87154
2623
6669
45236
38016
68821
48469
9485
73387
33219
89666
47364
50045
55749
87282
40376
98477
29833
67679
7001
58089
80414
62593
97672
51216
25330
78838
50241
19908
90378
44764
33677
83118
35889
4244
85155
6929
72747
91434
45934
29122
50024
57240
44260
24801
42194
48122
32622
4479
67810
4202
39927
53966
77985
95010
42420
44966
73242
74245
82025
83784
32696
56902
46590
99843
63751
6990
66229
19907
76743
49562
75297
46393
30890
31024
82209
25318
59286
72818
1362
21967
61175
47909
51113
45704
10728
50576
45814
60120
52491
83856
9187
95358
49825
86994
91120
60077
23274
19949
48831
83253
38529
28539
42966
99338
52451
80252
93836
24367
51641
97075
23369
18148
76457
15500
67955
65398
10008
39500
39956
21338
17234
40710
23597
27753
29606
52116
34556
91262
71489
31295
36343
41886
84182
47099
80022
51439
66114
90067
38865
64911
76460
39095
93996
97973
44592
26338
69029
4953
72993
70898
28585
27117
6244
58228
35116
10884
51238
97217
21548
75625
38757
86233
32926
99966
92965
58978
489
27336
18253
81909
24164
95167
34777
75533
41763
54408
12761
39391
57114
44297
95442
98240
49263
53393
29673
65492
1977
38221
50171
61846
38315
4466
51952
36238
40831
35048
86064
55476
95638
8353
40839
46285
79770
27321
43731
59124
78799
11271
21101
97480
75168
45141
67487
84117
92911
50138
92585
99594
1281
51283
76138
22993
9756
5655
15774
59577
46097
4438
55158
53484
40344
78297
1708
44707
53122
77484
12564
94933
63314
62769
42846
77793
17208
54033
28772
52561
65515
72216
85944
99975
2796
32213
25402
18114
85898
43622
74593
55370
78592
73126
78425
6383
50987
48500
37977
22903
89232
10824
96822
30324
46245
24246
40595
86751
58289
3638
71350
8690
96344
7208
76071
6573
94953
71885
46381
47791
9102
25316
49874
55986
51072
22724
91450
55369
21374
20955
38534
92616
6368
88958
51063
32164
13593
2371
12450
69597
14296
4524
39842
52992
57830
79103
65198
50775
98378
29488
70765
47885
89590
70876
2183
31689
72323
94904
4483
35229
73656
37505
46932
12875
26090
23106
94925
43969
39092
17710
8341
74794
66668
85824
16638
67157
97614
13450
97638
78792
1632
85899
64363
87314
79513
45976
70533
15361
51901
61506
75643
82771
29314
50099
59667
48664
45801
82365
42349
97905
21031
6017
93739
64230
55296
73172
76155
35993
32612
11230
3837
59189
65729
4266
94631
714
35372
73682
96977
72076
65472
34919
37489
53329
44479
84159
60701
96319
64232
42876
39674
94807
41008
34444
14424
43825
23346
62095
47243
89873
82516
12845
70980
52508
76540
86357
871
17560
1776
44273
94465
3833
32874
22914
47952
70779
53877
85762
92600
60451
21192
37912
41937
39132
20913
4582
65818
30123
41938
56137
7995
25019
78156
71363
663
54531
65355
16732
12642
99288
32742
76505
67967
24203
96625
73932
40811
5688
81431
75929
60203
59278
25444
58838
79804
57149
19944
94558
25
12896
386
93816
22421
28754
5584
747
69695
7193
72877
50314
46449
48938
84896
80245
81540
25258
55314
88807
92825
77570
14971
49014
66956
97196
6694
70578
59436
17557
88333
96618
89905
10048
48951
46332
44469
83408
4893
18937
14678
11818
4430
38713
36148
45275
3984
10957
52609
72089
67897
79492
34163
77537
47267
39575
48610
50141
23870
41146
12965
6704
7945
85961
23007
11915
13345
47446
89131
69072
38284
10596
61901
78825
9146
45493
89359
51512
99053
55593
42236
7009
28255
68399
60634
39267
4128
10504
86750
98975
48596
77811
513
83706
75750
5901
34960
37039
64756
58032
28038
10733
21868
94099
11991
33732
59330
22389
27660
11826
8405
54853
50094
91570
69624
42180
389
58943
13205
61487
6818
58273
41125
98301
12893
56141
85765
58493
75018
40169
62905
30009
16572
7683
34805
20743
95047
23382
13590
51223
59912
34499
17283
11407
20163
70858
24843
48985
17361
49961
23290
47560
32103
75575
57011
52497
85945
66998
70665
61443
43410
47146
71002
6692
81374
52262
81758
41705
74167
87495
43488
75329
66357
94745
93683
24779
27868
49029
24572
51449
95996
3364
75619
46155
18572
89512
45075
56586
6940
48888
35263
47897
36436
80311
69991
16884
30977
20564
81986
69514
2308
93107
40305
2882
79444
10894
61669
32081
56417
44353
99451
3757
55002
86212
32012
46875
801
70030
57575
46527
56696
76042
81618
3149
97694
52213
67099
69248
71288
27487
54052
36143
62602
56509
92045
51955
57441
15184
85445
9565
31211
2091
43985
97157
3889
53712
95349
75287
3264
16388
82027
33181
62338
88506
60666
83272
86383
99758
55581
63144
50643
80537
19388
8963
40116
10838
27729
67213
49207
26219
35905
53730
30181
87445
13825
91475
53456
57255
84009
57738
69739
65384
61163
3100
77677
29911
15860
83587
73353
87695
13047
99952
17819
38902
75096
72998
36062
23398
55388
90467
63991
41609
67975
69240
96910
34828
58078
74367
46472
28314
6054
45214
29567
36349
85830
10436
62449
12057
30645
97333
5363
54902
49765
73906
60373
84142
53167
94652
49528
46899
38493
63248
94490
62337
24149
62193
74692
46403
25902
24117
27923
99616
73179
50157
7547
44745
12077
9302
57696
35164
83236
30656
23146
8419
54561
11719
42123
27355
87893
73305
1182
23089
31984
82190
22745
810
52602
11949
74998
84460
19466
41425
41161
84963
19745
88606
54399
88268
49216
12277
20014
34693
26652
24397
24640
90730
46253
61499
10007
7916
1886
35349
97024
21441
42486
17648
93658
65424
85936
63071
35848
61087
60421
66867
98191
20652
53603
67261
41173
77863
91612
17142
96556
78642
46602
94114
31647
28828
56192
68377
73118
17425
39746
12146
78015
6735
89892
1819
57553
77702
68937
67976
21140
28606
20024
88417
11485
9736
32324
88409
45216
27637
152
98905
16467
63357
60719
65813
76786
47194
36708
54575
97798
73287
32447
20499
46807
32876
89418
53846
93677
3673
43258
2846
49527
58773
74994
93061
70163
43849
6941
47602
60158
9022
50752
18534
74844
92590
90631
15269
82535
55507
5992
85117
7705
90568
96001
23376
13290
97279
1666
51088
409
60030
73863
91215
74191
93965
72618
91308
98629
87071
90100
62134
24035
93454
30427
54104
58649
24531
84443
71891
18570
18258
33659
29277
63101
48160
46291
49719
59683
93950
39218
49431
98932
40612
78955
35023
14260
73248
51122
46938
40708
30042
82521
79291
43889
7611
67111
32572
42518
15135
52426
70115
76487
78849
82152
85529
87242
25034
62181
89618
28972
31902
96139
47788
48459
94651
46589
19821
85184
54087
746
44018
13744
98413
48578
57368
17601
59886
37237
48221
68008
89181
66802
98603
90912
89254
76666
78571
73535
12535
49908
26003
33126
59696
75102
78597
54053
94628
24720
28718
35142
69404
18120
41625
90953
7955
58748
76704
68774
38519
60907
56491
40259
53098
26390
24951
83172
78486
9453
50016
71621
13708
3156
92481
68382
8037
49292
61813
73154
74997
42583
32350
97947
26518
51465
93764
78783
28502
94608
74478
38310
96870
79806
20126
52295
52167
33102
99080
16783
68940
90706
14976
37782
25003
14440
48759
29454
59766
546
41881
41517
31617
97179
65903
23980
53738
73791
74369
67354
17022
55308
68893
37285
2388
21583
9171
22393
91017
39751
17056
56776
6998
73444
18927
43242
79740
87476
50962
28306
8503
13312
15547
71643
35992
8575
10761
59672
45306
91501
22367
30282
62930
57009
16162
13485
66871
19558
21528
38397
88890
20647
52714
82336
48407
97316
84885
40866
61034
53254
15717
70215
53685
52182
93417
58200
53834
32628
5621
44343
95084
88871
26072
50882
69763
72389
51061
59810
63177
9351
68015
37979
90324
30885
71352
50265
87898
4432
71511
93961
55293
95970
5816
40002
24077
48448
91507
304
34405
52192
72452
84943
39288
12308
87854
88584
95399
2304
12693
71366
81
80687
15963
30305
76955
77892
44496
44398
70561
53844
61030
55095
57378
28136
15034
23660
8515
211
80949
85158
43341
49731
93033
88688
16496
25385
70287
86694
86080
14484
48505
88703
82214
98393
13884
23373
88428
75086
75192
31344
28445
69459
97803
24990
78578
49277
65544
61960
59646
64540
91823
8709
98920
97042
54822
10289
19843
83822
37961
94266
85693
83502
36752
54085
31021
79638
24290
1271
51435
68842
19713
48924
14205
5890
52328
11427
68142
66719
22148
95468
22617
92624
57020
99226
17218
43233
15242
99845
27142
10477
57047
69600
61642
30309
46249
96117
43670
92305
26064
41574
20798
28661
32209
53649
85102
89275
79681
7323
72188
41302
28359
14855
34117
92880
76350
90397
67019
86453
62396
27406
82337
90984
62286
94602
3703
91047
25252
1266
31381
54410
58736
63019
8787
45258
73995
28890
24092
15421
532
55473
56500
96376
28472
73149
1185
38973
98820
41750
78721
38466
7313
96323
12051
28158
35522
95204
95941
99783
7083
78898
84362
39745
73450
94523
97519
69962
2423
18934
87167
33621
17943
38352
21401
59727
15023
92986
11420
3788
84673
7320
57278
62424
93833
59179
69540
60493
44920
41702
31768
44851
47875
12621
12525
92895
7867
39689
91522
70077
36862
82687
94561
16421
11868
17015
15812
37420
14617
91345
8415
46830
60836
56923
56895
22551
3538
75036
71854
2481
73141
19265
20173
17867
34971
54669
12567
82941
14365
12886
2834
22432
97719
2162
35406
49241
68455
21295
99748
29191
45344
47432
26281
5004
98977
60286
7070
29793
66209
98254
93759
13197
27365
25611
90824
22124
92139
72402
72721
4239
76128
86349
26732
92790
9125
42364
85509
43030
98102
11922
20905
71339
34631
47196
79697
3417
97187
94212
85774
18251
17784
62987
25645
56349
65390
77408
89080
69080
47395
53880
53458
18088
36992
57796
59464
78930
68835
85706
61491
73842
26585
93860
46662
45517
97571
75570
88641
20357
36219
98615
74871
43346
68076
96808
24765
47618
53147
13283
57118
10128
5897
69522
39300
8756
28768
30392
92158
1274
98327
20297
45806
1608
23889
53750
29024
95032
9320
13247
11251
67869
72565
63928
31578
32810
16364
23287
83941
83631
97278
66139
4331
57862
70167
53264
46872
96193
65233
78757
21027
68020
74885
41629
24559
89616
16854
4818
26347
21043
60261
84394
5097
26364
18626
45791
46262
77355
26675
6891
5140
50505
83542
51658
26619
68822
42910
29898
17659
94941
44618
79376
93296
70506
12255
43819
42892
6150
40896
66954
15844
39069
6358
73237
66752
75594
93597
18054
58473
28466
65697
28436
68330
55162
81241
73793
3157
40908
70927
20835
36287
82667
33263
8566
11797
3874
41611
17178
95508
84056
55861
2513
89136
47644
37907
458
9308
7983
33392
67326
68524
98728
91433
71047
84773
53526
53867
75975
98433
80686
90559
34874
98152
46696
18581
23240
13228
35683
14193
75930
64262
93143
61440
97988
49239
75037
45734
91145
48892
21329
61042
40797
44145
75595
19722
62533
9674
26033
35038
88421
80048
1988
62751
90894
7635
79206
8079
54414
68991
98625
3648
20769
76667
54157
47617
50392
76371
34727
60579
50635
68916
14710
96983
95111
99894
7354
69535
70801
34415
76217
33952
96990
15848
4434
92851
72225
88314
97188
81427
95757
71536
29090
60656
84313
15372
58178
45799
53419
53267
10741
11343
31481
20025
79859
15301
11318
68957
81297
55362
36769
78535
49804
86264
14399
83162
97868
68114
90132
31336
28608
85856
90989
29501
73346
52750
83376
47366
54904
44105
78784
92932
2167
48873
88849
24106
88690
32715
38544
84501
18405
59380
6801
29157
19693
55543
10893
85781
84363
41655
73944
45160
21939
29664
13723
15659
1093
56474
78978
62308
25266
87361
20889
42034
95853
71808
95077
58082
67878
37249
30349
47945
25760
74625
40835
96339
89432
58766
34578
75049
85904
48889
84127
24382
92966
91231
24950
88265
49896
31134
42133
96065
58928
58247
58107
2475
28998
75366
85797
29107
24916
49433
47081
94337
36964
56161
51586
40498
79676
51975
32862
10453
79315
56834
64109
29019
20527
54579
74042
94560
30397
28658
87430
4152
76167
36736
96441
7851
47902
46128
94437
16086
27582
84249
49771
76241
48969
65665
1623
56212
65475
11573
44694
65847
51282
61054
95727
83173
83819
74718
70469
39304
9577
13875
27218
8600
14108
22284
87258
87206
16149
87747
77438
88279
75314
78807
41982
70342
9480
94013
81548
83098
5491
90650
83389
96823
31400
95281
96751
57271
37064
63741
5121
29125
36345
41015
81944
4010
76994
51736
65127
87032
27552
46374
21613
40220
5644
72945
73182
73373
55409
59325
60844
92461
90109
58422
58124
4670
37318
53175
84980
23185
34232
92422
75069
72638
66666
89058
42490
12030
67565
35395
85733
67325
10169
49984
370
74629
68318
49938
20550
58401
19088
63802
57356
14959
95321
41993
30134
33383
45222
24355
88594
65292
81655
65234
5840
44190
18898
72979
36032
93814
3251
68695
41648
31724
89807
38870
77202
52571
57022
63698
93138
19880
52423
89633
2680
83882
50122
61059
65565
77489
15342
42947
29830
31857
90431
53982
60984
20832
22108
34203
62558
96651
89125
94510
44436
23270
99728
52514
54323
52220
63320
50794
84012
2807
87527
48590
90609
48139
39097
89693
78481
22263
84755
66773
23362
58800
12553
20217
16658
90674
27986
77108
30160
76926
16393
27918
47906
80197
38892
99149
51830
55788
69512
68742
97732
57030
31558
63069
9318
21881
88513
11553
27306
80004
74050
60296
89753
50875
59520
47125
50819
91128
8866
19416
60346
47082
88822
85302
40810
98574
30501
61845
40140
87990
46691
37451
39484
48786
80798
10866
52690
42271
30094
43673
73621
39354
93515
88228
21926
15085
53109
60705
51688
2884
98049
20026
23672
52724
25521
99305
36553
81622
46138
24693
76145
57627
97245
23473
32405
2049
15996
97437
31853
97427
26806
41902
52011
60910
476
61199
97609
25472
94067
76830
1057
2454
34219
54075
10055
70308
60583
65983
77097
71235
9990
88533
64558
52104
1502
62527
85459
48181
92053
83486
73083
66010
45443
19170
47518
30114
26290
49470
57128
7485
60600
2683
97435
51202
69555
43533
23467
74860
6374
99014
13730
55515
74487
56864
71158
72758
46565
36124
42287
44525
47917
98337
19222
98746
16165
83691
5542
92854
10861
34894
99566
86926
42741
87528
56435
77828
88161
59317
32079
37881
11207
23953
57180
39303
92579
2581
45847
96186
82789
91238
86534
67531
33242
36844
86015
20524
23286
47262
19750
43784
23063
53154
90810
15775
1853
71493
21737
91242
80401
30130
73940
39696
95093
38878
69674
48535
97464
45748
48981
90630
72119
49960
18156
2006
46718
55869
7898
9743
87841
39258
84817
54139
87741
16173
21586
7370
48220
70413
13378
64869
13487
9481
35792
25350
29844
28209
88299
36961
79858
1105
42213
47740
91675
15059
44508
6910
32267
35753
91106
61044
26898
18780
17585
89828
79215
54289
21064
71021
20910
24522
15024
19145
14650
75377
72295
61319
98555
58660
75352
63374
12648
13520
71025
37349
91137
77559
67596
20398
29023
2240
36661
20941
98309
12339
1260
72918
33537
53550
67448
59661
36068
24512
14521
41353
58013
56685
40891
95123
61497
35561
11309
80732
66962
97651
8602
67455
59216
701
87214
88077
12733
20255
86046
94043
68632
20200
14686
93176
97414
52367
70555
53028
25795
73008
76962
29046
79714
93147
75351
32437
14171
14887
30637
69604
82792
3256
40196
9875
83652
19929
86600
74379
53991
93306
30925
51625
25842
27304
78093
78554
61957
58654
17786
49161
36319
54648
72424
92458
81951
25429
41964
45218
94015
43947
91350
5186
60524
64284
42769
22033
58541
2781
88889
42948
84783
32800
30909
10441
82100
19596
9767
98836
35620
62815
12313
26589
24818
504
7293
12960
53018
22405
1564
30618
72390
14903
11342
47898
12123
76571
23121
75735
25511
92009
37640
58481
54609
34529
2962
56381
84333
12981
29080
43829
25697
14360
71405
67185
78065
81319
79090
34642
89039
46980
16473
45444
79405
68430
90347
66136
15273
96370
76831
12267
9194
56772
38759
72700
95310
22521
59238
46093
60270
24122
27479
8411
49823
48789
67015
12507
96830
92350
17715
77272
40625
45486
63406
55041
88782
71611
27183
40946
24596
92862
42369
62027
91733
20688
78890
87562
67761
9107
18741
51141
98169
14685
57849
14086
22267
97859
28709
29977
73238
20930
59604
94221
95320
8070
67646
41397
92506
93217
61887
42839
98259
74581
96926
93057
2837
5958
77395
96085
61373
79092
78856
91096
11024
65572
67342
31509
57033
14130
45242
99029
6404
77734
41451
44022
77010
72240
30804
45403
87215
17484
65714
72939
96921
44527
12387
43433
88744
51497
39487
89199
51921
78292
26621
49065
26018
95270
7110
97375
15217
6328
6548
17469
71110
72168
68673
96961
57183
17341
89525
92877
86101
92922
87067
25576
49396
43429
81710
28684
74054
12136
96034
19655
57698
99352
1311
2981
45207
92144
66051
69713
33262
79505
15241
14349
81497
17378
67807
81639
59746
99579
77674
99362
8174
9041
30935
91304
68116
72332
26757
19738
74410
92050
67430
35390
83570
56734
58326
99425
82710
43474
19607
21243
88489
50071
64982
62731
86043
13506
49345
24024
48652
88306
51593
47126
43669
81848
6602
3791
88155
63164
60675
55171
73893
50435
90509
68515
86426
15558
25020
66974
28788
97634
16389
53874
49100
39761
64901
3397
4204
5108
917
94871
72716
68331
58348
99889
91660
35080
99214
35943
62034
69566
61170
70463
72148
90899
35981
32368
31852
67530
31662
26070
28670
731
28955
54036
7957
83803
85522
24759
41103
46534
77555
63168
18718
97882
89605
12469
41805
55329
61118
99884
40210
12301
97154
77798
1768
38499
27395
67953
38915
22375
82296
8923
20605
47582
31839
70101
10259
65769
6849
89768
49106
44408
73206
41111
89635
24239
60295
94877
61367
85049
48502
41120
38146
37367
91849
80114
49036
26142
44574
69464
60874
7728
51199
38685
31881
82868
37714
88006
17939
92348
23938
22258
54369
10459
38331
56612
69187
97361
75847
56531
74866
9455
65552
4832
17457
69180
34991
28269
52818
56893
83756
94890
16660
61468
83916
40218
55923
1442
12187
2804
2115
30976
30495
36282
27676
70099
77909
30076
42569
63077
14566
23590
97053
32114
76533
10308
81959
52849
33494
63417
64268
32606
93220
78778
13895
14648
86169
10054
97742
83311
32911
96623
78118
95674
57991
63506
10617
53384
57855
15969
45698
68047
41192
71506
49756
96621
13490
76949
52023
23601
80067
81474
29021
35059
72645
31613
36710
44480
96098
8436
4487
87275
76114
39384
73938
97684
68286
88350
80140
72409
98957
60967
28235
89914
17948
44635
67088
243
88432
8175
30843
79162
50824
20438
29842
92032
97889
84275
50443
10173
25949
1164
99720
2630
94892
38097
51307
9832
35869
49863
14558
11749
34826
71122
89948
20083
6695
9988
27200
75301
17085
89014
83285
41359
76052
69099
66334
28201
13803
22400
58427
86832
76739
19508
37403
65897
14288
94581
48192
11368
51232
33347
45760
50721
6838
44660
39546
84554
37708
79950
86317
46018
89324
90206
25238
89819
97264
81633
50114
66667
8957
46981
16062
97844
90035
62322
44253
53518
20204
58714
75308
839
76480
30491
88123
11813
94848
7225
81811
81021
1606
74423
32884
92788
52579
78067
26325
56248
17769
78659
12092
72244
27578
98841
71924
62187
99120
64771
44108
53994
84870
1846
90018
88783
84171
27893
74660
2502
21305
34416
14605
96165
34326
86899
2131
22087
93659
6487
9223
10406
82290
69351
68009
49595
94426
78878
3424
86038
84417
46045
82228
61558
15649
70323
28748
26790
5139
34695
15928
61321
15397
50281
20671
297
60258
35391
34179
11064
55931
37698
16589
67695
85417
19207
45079
66515
92087
93765
99418
23182
96737
22080
39661
49733
1759
95786
76034
15048
25398
98384
86554
43368
83852
40949
48144
59907
59201
35178
70813
4303
4618
93828
52406
6450
60980
33023
7326
82607
92085
48501
96032
96030
64986
63136
56962
73304
29907
12273
45794
9211
2969
84736
97003
81097
46187
93923
69141
18110
88459
16445
58364
48944
58185
7949
51822
97272
26029
67553
91122
83300
17396
69614
13770
66180
17902
6492
86690
5075
92654
62412
50518
30378
93706
22382
827
59546
22518
12294
59831
33065
44959
32180
30942
12851
53517
56513
17827
96312
19382
11707
2048
68884
81332
15650
38062
66799
36042
12324
34315
28581
67966
64825
61147
94441
21762
18255
69424
48554
34107
72769
68758
35585
92889
20829
37552
1060
11924
93199
98107
65276
34098
6763
88205
29353
67785
6111
52756
7051
89976
16258
72528
1744
39897
58092
1676
50150
766
46042
69689
69401
90189
56270
91822
83223
43835
71840
75961
12565
37574
45402
88153
90060
60953
35797
33180
8082
63537
10276
54491
13236
6580
75361
95946
67609
91529
94515
6608
82163
73170
5127
39310
33187
12503
73165
82965
52226
94655
35364
42373
42815
32141
64580
63276
79554
29494
47556
4652
96444
87014
87633
67773
53180
98858
46053
17261
42930
48032
95072
95801
85000
8238
95390
35094
12332
18667
67017
43529
24585
15410
29570
12548
38476
24289
73740
66055
17124
18003
29374
82019
60410
12086
48125
10187
43995
82890
48993
23738
93276
70738
5402
34780
46310
80675
69850
25733
18756
29857
51640
52822
43572
49617
65186
60868
48039
10045
31846
46207
53105
59236
12606
95891
60144
70206
25701
18070
55410
60403
49749
68422
30200
42921
62704
28473
54495
69980
81408
4145
46883
52087
98879
75330
93802
5323
70248
38563
60770
79133
79532
30439
16293
57956
46032
81177
69987
65094
51819
51401
40164
94129
48963
12215
27157
76374
83506
40856
62674
26636
77819
6713
54346
52925
79023
29960
65181
11732
45694
80860
10126
42975
4539
1635
5177
94957
92722
38007
38978
23033
14220
28970
59978
36323
36381
81035
15025
85082
86624
74879
60040
11562
93710
23610
65826
96575
16997
81426
33829
19049
41452
13079
3826
94648
63255
66621
63376
67469
26872
70916
67481
91695
78785
63840
1644
25734
99398
77126
17417
30565
89929
30705
73966
67903
29917
3927
75079
18892
68080
40191
93835
80336
17032
83152
76319
69656
27394
43927
60711
56021
29520
38032
38356
7065
43846
2843
43542
96424
33135
96563
33766
81174
80624
5382
91049
75012
10905
65466
39346
86133
74573
93116
15319
34758
69395
25740
86370
51801
93636
10890
49788
93169
67309
27509
28698
67667
45672
15569
491
73694
75719
91679
39035
77095
86001
98988
70654
990
40980
92455
11893
65017
21825
51424
75152
38292
10073
8354
96912
69169
53467
3395
3093
50275
8818
84254
29503
79456
54401
46814
48210
60072
7727
76742
49135
70902
94096
82512
69274
27841
2593
4594
98654
42786
78519
49462
28259
33819
92438
76418
95359
4798
89615
20461
83797
41029
54208
57485
54451
42054
7654
26091
86030
47221
94728
74117
29618
62536
38850
36934
21938
50701
55085
16261
56959
21020
33194
50735
45836
61297
83971
37627
64356
56430
80155
99799
2297
97061
71745
53561
5854
96417
31596
61157
3577
38425
76918
18204
16414
14933
87687
81825
64395
95127
80112
75661
80323
93076
93678
34694
89235
88875
62881
84415
60812
59491
59404
73268
38471
38506
7968
643
47537
51672
54541
39925
55421
53752
67569
95712
1382
13309
34218
51893
42348
32015
55878
33199
40541
64034
4054
21194
68240
52864
27647
38839
55639
91301
69154
89520
80827
7140
55575
79451
44497
46717
75757
47320
70088
38984
90734
70435
5681
64035
23842
22491
6178
48040
32249
38846
45957
50310
20242
75722
92998
77978
26502
14137
11237
85967
85048
44350
6206
12797
46677
26845
71233
85486
67389
6543
74003
22086
12550
42605
7138
79738
63530
45094
37280
34449
36821
53754
13813
41065
77499
31246
84716
55600
28555
26110
32322
3958
33479
14967
63188
73249
75064
17508
86814
79494
94350
55801
12486
32528
31190
48066
40117
32687
33692
90340
18124
68207
8764
64380
51764
10669
92551
69519
57633
98885
99392
53161
49123
94755
24475
74580
83640
88870
66370
56060
75599
83043
2980
31522
72023
38680
30801
18847
40222
191
344
74845
32321
36562
92658
77350
76676
65210
74881
32649
35955
35688
86171
88865
15033
62491
16084
57848
86706
22976
38196
70304
39240
38367
50781
45412
13892
73655
80479
67775
32002
3721
20536
99000
41749
1343
48326
33008
51809
80028
66344
19141
29396
15937
95085
27307
29354
23897
83995
90046
61215
85607
33040
48718
30078
60623
58827
14469
24561
62712
6909
85226
43186
94526
32554
10528
95521
30244
69073
45819
71468
31952
11653
35205
64408
80403
72483
72981
82151
18285
33968
11369
5898
31174
48679
11223
84811
97205
77963
12005
68133
32666
75166
15461
58375
97422
14644
68449
42333
54080
95879
71388
77110
23558
43742
80459
76596
10016
36768
94507
78162
20498
24002
78655
21877
26780
50010
5238
27121
39176
28476
99886
77432
79371
90465
91493
41083
28171
18755
12741
68615
35067
57672
9867
82005
16350
32349
30000
6970
62879
42130
90224
73614
42979
85709
26293
34661
96807
68924
12589
12073
14188
95734
43561
67339
25600
29005
83181
29885
60266
78028
50785
44663
67972
47685
69697
14922
1128
91473
78894
64767
12188
50527
48096
54318
94401
23163
96781
95135
90380
62381
42536
47335
83127
83577
89112
90867
59663
32821
24657
29759
89033
95903
86390
58913
33607
80536
6360
35769
5143
34766
67336
51150
10860
29486
25785
52381
78975
61359
28762
34796
47915
38562
7650
45824
82338
24308
42905
42274
16939
84871
52696
70666
92642
5504
67895
98352
5618
11864
68517
88397
43746
49130
55432
58891
45882
26435
78594
39893
73861
3561
78702
11509
90390
38359
45588
52519
68568
25204
28813
49530
82620
86167
27926
45628
11109
5319
63435
25630
39340
87162
26605
61161
25079
29700
17256
17294
97710
54639
56670
51184
84583
38531
43351
43554
2817
1928
24283
62598
20956
53971
18602
80341
48614
44693
69403
43055
23560
55018
1091
36616
5761
87096
79971
7340
89218
14138
2758
58246
83687
91867
97961
58203
37035
93941
37582
83128
94479
55700
15041
99177
57923
66902
64884
49266
47673
37017
24588
13973
94123
73416
59168
9457
33731
34503
87509
83693
16995
67190
46935
49515
43428
34391
53987
28637
43418
52873
73401
46576
48661
84211
28428
26969
47324
93664
84802
81305
59254
75970
57079
33492
83607
31252
70925
36177
35998
41014
69419
35155
93697
40519
24753
81294
3164
69915
58177
42023
59145
43500
98612
44756
23803
19370
32759
74957
91176
20422
89272
3127
79812
40022
20948
479
22504
70873
48613
64842
81290
17804
57353
32521
45622
24992
35047
42229
45865
68987
97147
49725
67794
96944
39656
51118
33651
98582
41550
33523
65086
18829
38849
87404
81598
17631
28323
81718
19853
856
6872
41754
93177
65677
82436
64844
40067
85676
13277
11644
29754
31659
4966
4238
76134
10141
53596
55584
89351
70197
53849
59142
39721
36018
17655
79422
62752
76957
76069
77719
86725
92460
28795
85053
83235
41923
15980
89326
45604
48340
2944
55144
47000
75824
31954
8136
48098
8835
50136
16208
94543
94009
40087
32460
11229
79334
65259
93161
76633
30859
45770
2621
53799
30060
33140
32656
58688
23777
85071
17422
80451
25675
32596
11143
15685
34388
57803
57836
29543
33356
4557
86746
39053
41050
4251
39472
5003
72355
51132
48628
9890
60138
58214
37012
49578
67490
9082
23599
8246
44584
54427
21735
16775
51763
1899
69468
34310
14745
46618
46048
55016
25824
90419
20174
64401
79489
13075
29097
28045
16101
67768
94314
45286
25114
92647
94926
77683
30370
18556
57527
64490
68272
80977
17456
92504
95455
43249
19130
88510
15520
6611
69106
32667
96330
77481
52082
67029
20030
90842
30211
41444
72976
21560
85771
48170
38023
8232
64550
80891
92377
5570
94150
37441
11405
21691
99551
50143
37226
34684
41437
74086
33787
48304
93163
16565
64584
32841
41942
15414
22110
25674
50000
21258
15584
39973
90195
11425
31413
98037
30219
35598
34877
37575
46257
76592
60349
82736
52718
60029
19698
70482
35588
96005
21285
21460
71679
64436
61352
79600
42812
19988
84314
81077
93727
53708
23072
70631
98046
60151
85891
40859
97297
87548
46324
61992
24832
41301
82435
66208
35603
84820
88089
91200
63816
50033
50420
68074
75686
65837
53884
77530
2142
71
52551
99839
33489
68263
29963
86224
50700
68088
6316
97791
86857
20693
70895
60575
79682
362
89880
10757
35973
91794
44752
74840
74928
70645
11254
9149
50273
60742
72348
90838
54829
77051
29067
31692
94166
78513
58858
22578
74640
86817
47623
61650
70356
53231
35563
2215
20504
60015
25840
42630
85240
58407
93599
67076
97628
14361
85392
9406
5000
24870
81741
47844
30376
73046
58933
71291
77861
62189
25461
1469
75156
8176
47552
59350
52498
36239
2329
48619
11444
14001
24827
90763
1245
70932
86623
5132
18925
20407
9627
74574
91903
33681
8394
10539
90204
80402
37985
47708
37415
39620
25903
86987
16745
34037
45119
20457
32962
36427
3307
25848
96391
55056
76470
24410
99912
21488
5188
72932
86722
83322
83982
68826
29479
34476
82182
5079
12424
79316
76761
41150
42022
39824
73095
14945
22855
92344
32197
53967
90341
80528
78409
89438
54450
69992
85595
89621
88763
47238
75717
42496
60765
44449
39997
385
3824
70548
37009
76515
8236
61464
42351
94693
96898
63683
43267
78839
38948
43915
43053
14612
33024
71469
8533
86922
26862
30954
39461
36724
35075
61745
43409
34231
63904
66844
64319
91847
85402
23026
25169
10752
46145
50878
27983
58559
45617
53894
99225
78590
45921
42638
54838
54216
72212
73931
39789
11224
14148
49574
94691
68094
86909
19458
78970
71833
1903
96813
13677
95098
81890
97449
31975
37701
22474
58990
65309
41956
49549
37518
71780
3468
95590
90991
84334
56181
44162
6447
60489
53466
26073
77995
97145
86811
81879
96636
3565
68629
50081
83977
70266
18364
671
47725
12964
43164
62141
11160
85648
37405
50806
9613
2225
46911
86488
87851
98739
30869
44404
28733
1388
32608
83865
8983
1557
4280
87600
44427
66471
37353
6915
1595
32288
36353
67689
49642
20611
45739
92089
80304
5694
97607
51383
71452
91621
62217
68249
12080
10879
11816
6981
25994
34283
96416
55816
18901
55871
57306
90550
70075
62847
44271
27796
76575
61020
66858
43070
36883
27227
84862
10990
51387
15454
231
70354
77796
14201
67462
53141
3443
52038
35674
3306
21009
32580
90965
91548
58720
74920
89388
86388
44625
14343
98225
50155
41784
11397
35375
90983
53483
44678
26439
98966
72320
20931
93153
34731
2638
22468
65924
56431
98958
13143
4037
90743
66514
49625
38688
95961
66446
27062
55428
88973
25231
63924
55007
94385
14200
71596
23280
67527
94873
59538
32691
18589
53243
25493
80848
76927
99940
7428
53753
97255
55163
17342
10830
65331
40905
6240
47391
85329
68895
99018
4114
19475
72487
37620
64693
51441
79788
45046
8349
71257
37448
7316
4859
54615
22085
90396
33984
54723
70436
5065
18230
41564
90699
56721
93013
58400
49812
53589
46000
7764
63195
2403
69681
90567
68236
40365
80029
61641
44239
32051
49444
7191
42654
25479
76979
39757
91886
34612
18749
47506
2353
58648
44038
27112
39199
69797
23618
73567
76682
51692
73448
11007
4074
32226
73328
70996
24329
98987
6604
62310
21564
92952
68261
22762
2005
7970
16440
16336
81249
39255
66646
12909
35202
15544
96053
24549
75225
24236
94676
69197
70524
380
83661
72522
14247
85757
40910
66981
22682
76794
42567
82147
80102
176
70380
74336
15314
32765
7780
62230
24937
29190
24170
46010
86674
31389
18689
42595
30448
4725
91355
48055
55461
38771
59620
47223
89169
3778
58402
51927
41619
19271
48556
9621
9722
83079
5076
87832
54136
38003
33547
11428
19317
41408
94452
56242
59345
3010
27961
25544
98843
85443
58145
47056
93025
60482
57649
45737
9039
92101
20286
27163
99238
44111
89692
61336
55934
34213
20190
97819
1622
33335
87459
53917
99173
71215
60733
58079
99973
74905
35505
91101
82787
7767
20779
52442
6781
19625
69347
50416
13233
33521
42497
98520
44503
6668
40623
69959
68386
20640
6861
26968
76879
43759
11830
21072
85876
19718
20584
29165
41628
48149
77002
46774
82989
66932
88819
98633
22988
4413
15634
58677
57008
56873
14649
65614
96145
69014
43361
83482
49354
62049
61583
16824
76009
97305
18886
73895
74835
86677
40315
89779
54382
54511
44832
11555
41035
88633
22137
66590
74841
3386
1938
86500
51541
34004
49141
97399
63137
93735
48104
52380
617
77011
54789
19678
49249
8372
77220
31515
93849
19878
43787
39878
63789
95039
65843
31582
16780
96371
79238
57173
67714
73921
64179
74788
30142
14701
11165
84006
21477
40297
59867
67731
53616
16304
27847
88705
45666
64483
73560
36579
91578
88162
3974
47553
67215
8798
87849
30671
97726
18787
16275
27120
62303
35958
45785
61122
98386
4550
71353
99606
59694
61043
90319
8007
51272
21776
87036
57873
73827
58444
86068
88163
79768
82638
90473
11364
53640
16436
93325
69806
73213
98489
50561
83125
3760
27638
99282
46659
4022
95694
2728
11691
51968
47127
65394
71984
82994
20141
42969
71868
75557
25524
59701
43261
829
21532
28189
78087
36860
68358
86553
59532
71256
51846
51400
68785
20470
55300
96025
46553
70950
56712
52883
16296
18066
78780
84161
78384
80583
65767
88285
46011
72929
937
97707
27917
89701
57274
52737
17534
16503
14250
9999
32461
6414
27215
69983
86149
6085
30919
36388
16500
40850
98236
41692
53707
28305
18619
52407
23336
74992
63886
95021
28245
18016
11134
20198
91248
99908
7184
92176
67037
72746
64304
40309
86433
84246
99627
57228
903
99512
32237
1321
13456
33504
65358
90749
27818
10472
94861
10105
87303
97616
41951
94356
95496
89560
81989
67872
21612
55032
50486
43980
88152
91554
2109
17873
82142
84061
9546
83501
74790
32537
83663
41892
70273
60466
4896
17887
19455
51346
94705
8802
5574
57902
71370
52705
77265
94934
91291
89393
46900
49260
43873
78638
17760
93197
42912
83957
69816
59752
9569
7638
37794
93442
20191
54214
18652
53418
87863
81713
27560
83757
34165
99462
34369
34068
56416
96335
17190
85870
98762
46572
92195
90426
64850
55673
84482
29216
1004
11541
65503
29297
97034
70079
39821
48663
24905
33658
12805
66890
74037
47605
91700
63420
70443
30398
13427
23208
65776
58132
53949
93284
51008
79383
98150
84485
96798
56131
34357
72875
86520
72213
33410
60790
85815
80595
6426
273
90524
38869
71457
20302
70400
23339
70909
56597
39826
20232
20721
87100
28219
20132
6886
64241
51638
8859
55453
31287
28915
18952
35013
13606
70175
33234
39075
40923
30017
57853
22983
79736
43142
24334
8793
75609
17009
57965
92056
41515
67054
77302
55664
36726
30695
74849
33162
73163
57564
48305
94779
1687
59504
59306
15333
56562
87358
62279
74693
25072
11938
8183
3726
63150
83018
8187
27346
20983
18284
86583
34254
22169
77855
23858
73042
58202
34102
25241
26788
89822
88992
651
81265
5743
36950
939
19436
83816
32319
52915
3069
39594
43853
49947
77150
24528
93657
62524
76279
22710
35189
91436
79616
30980
74206
57838
62257
69529
82785
72118
11978
93845
82734
32589
37770
16952
60764
83707
52078
83282
53992
1054
60121
813
17758
49222
1562
91941
2870
75714
16245
79571
85358
61061
9915
88813
15710
65578
20119
58
98688
73569
31928
20368
97687
85209
88667
49951
77505
86102
91982
58756
17995
36924
92569
37922
80632
3547
90202
70120
10865
88406
70520
88289
49394
48056
7055
20469
58712
99042
56666
19984
89921
89001
83146
49913
58504
77948
18509
15908
48677
48349
69227
51410
51235
74408
83798
94375
5676
416
9460
39625
89129
15467
22507
62296
15298
64157
91799
43900
8094
22924
64446
61128
29066
4620
64501
60408
11439
285
50292
51807
40691
23176
26438
37464
11809
88262
76149
77842
46134
9311
68834
83111
52321
58732
3799
53020
22192
3852
44351
76310
48101
31446
95422
32936
16312
21806
2149
30285
46059
31525
52689
79776
67641
4035
71087
47728
3917
90658
39206
17742
30504
19100
2455
7690
40855
28429
98171
95188
83288
76485
19975
29333
2676
43918
7531
65377
4724
68211
82603
92299
55451
60224
83231
76332
43203
70543
91343
84186
6716
88158
26654
1118
47498
74484
62361
28483
31335
3612
73578
35350
63217
35538
22651
21324
5552
71560
31405
10755
52938
45134
83472
9866
18717
16020
34782
89625
39009
19520
83149
70274
24862
30191
85246
72952
10950
98155
27488
17145
49298
43154
26103
59101
53261
39232
70414
58638
1499
39646
12786
90237
44796
54924
13532
68992
65437
60464
11045
87274
40035
72504
76662
39073
83635
92297
26907
17682
84280
13501
96853
37678
40293
7319
89726
55914
54944
79946
45122
38446
14587
41971
42303
34699
28326
60894
75387
35767
49647
8195
2267
18789
5484
964
52489
42639
71846
7586
53835
40975
72245
59321
70103
12208
76692
53841
52496
9894
47447
79003
56348
80038
7014
47853
76161
82666
45722
77194
23181
41409
9332
1764
13682
4756
95087
22386
10056
61485
2838
31203
10461
55047
997
24717
41105
41164
2570
23544
64929
73204
43395
9699
29668
13954
80968
68303
29159
8781
81192
73531
27928
70258
82581
48543
80524
62611
6418
89302
74010
57116
49254
45107
26377
904
58523
4177
41711
9327
13924
91795
74208
72975
89490
77544
75240
16675
6528
46050
10218
92641
21344
28322
77349
89403
61500
94891
49066
27515
90513
55972
57655
81809
9557
15684
70080
39707
37311
26740
67594
28856
62052
42025
46177
39369
35932
16188
82334
75814
80991
17154
24721
41400
34710
84038
3483
50036
34145
70816
41186
65037
10537
91637
50359
21531
30307
62099
72238
60036
55832
64036
2518
1102
93338
4278
51344
39948
20825
64914
90143
94860
37914
99402
65610
4165
86849
11253
25593
75376
91069
85444
50562
95769
62353
38376
5835
13452
38172
74154
23236
9290
9385
31915
79777
58642
93569
36658
56759
67506
73772
15943
70920
77362
53371
57411
64799
27331
64981
42085
62718
91749
31126
88979
76509
9650
55708
4097
95171
80353
37202
96972
613
25612
59486
73990
9914
27363
57658
89800
54265
93350
15006
69764
6461
11951
78318
49424
77324
65730
45129
92743
63786
24591
46013
3394
20276
14042
9240
48147
92726
43205
25492
14311
92514
42933
71981
7996
37817
426
4892
83301
82782
94818
99696
42954
3507
80988
83526
44842
52964
50077
35644
28987
18696
60685
87474
67840
73783
26918
53826
38960
45188
3124
83875
92813
4657
89108
53193
32139
32881
29394
12767
32848
94572
48217
36968
10926
30736
95622
79447
89798
57554
32619
95627
37048
56782
4326
22068
34660
71376
21340
7976
73207
7932
10339
16709
56277
38565
4104
82779
38065
46437
85043
65548
28996
73602
42251
21382
12171
30257
19404
12697
402
25516
38748
2001
2186
25591
28159
8684
88415
98196
30678
83939
1117
20155
67216
5649
78808
79018
63245
81047
68033
12061
12727
34439
69182
62719
8025
70408
25489
63121
96153
75444
93734
66386
63790
86563
91691
93877
48473
27501
2535
5601
58984
81702
50953
78144
69958
82741
15920
60065
58355
42929
22922
4515
19045
14156
90498
53667
86210
10396
34186
67683
59856
61598
64092
18112
17870
69509
5844
22300
12064
91133
7351
45104
39256
72397
7702
49592
64793
92801
93286
97534
47053
71112
82459
47022
2733
31640
72691
33882
2877
72360
19129
68429
48364
90588
33043
26834
24074
453
49666
55824
57381
41306
46666
91894
56548
31169
42132
40877
47923
12559
46870
83984
6711
45797
23527
97960
72167
87915
17949
90572
91726
4044
29794
32022
61060
20958
63992
9047
19921
92946
63823
56106
96810
93155
67584
39428
46671
60998
42255
1142
69258
82472
82480
13020
47030
19955
74084
37254
28577
29064
18289
62380
68848
26307
82552
17300
6707
4942
33539
30152
82408
91140
79146
27223
82051
12579
83950
32418
72208
75511
50564
80728
62599
92583
28651
43993
13443
16637
43451
30278
33768
23128
32642
96364
90406
81045
63866
42660
65722
61172
34223
47687
44191
17952
95060
65689
82201
15213
10360
85224
23371
76947
60467
64806
10792
59671
66821
42060
62702
77357
69937
35822
33435
22964
73599
49695
45385
99192
20225
12976
75097
12635
73649
56452
82640
50534
17879
12626
79648
51305
75589
21584
38200
16606
43916
75885
10400
20717
54603
39875
5857
76747
13944
10840
65890
56728
66523
53941
40245
31300
92806
78657
63323
89974
81043
71617
14482
98852
97702
89964
83373
18239
76738
83559
38585
49914
20514
15352
98784
43778
63740
54350
59057
32760
98163
90548
4323
72411
1044
88054
76383
9733
58835
74250
80210
3379
54101
12303
64571
56993
881
95271
26034
17262
93324
37880
86479
74048
17872
21213
3803
18398
773
99828
20936
50095
48367
63641
58964
80503
42413
6390
66627
77711
33526
47608
41864
66389
51606
22089
14876
1941
55340
21281
26612
64938
15766
83844
62951
71730
76061
31642
12757
55272
66255
14359
66491
23989
63235
80185
96066
5888
31668
34422
39982
7691
38614
70525
40488
38666
76845
98512
14835
69131
26955
44231
54537
71926
58038
37769
4335
57237
4595
19154
88118
29654
60554
98656
4811
21669
23159
51050
29964
9827
16630
74887
84714
96672
38030
96272
47720
19704
78850
88836
69217
16779
98243
24859
61507
47429
93202
21963
55135
66415
9933
81823
78492
59930
97845
59922
43445
97152
90344
28492
83972
30688
86654
61273
36828
75558
4645
97900
74443
11986
41549
28173
5828
61231
51096
98983
49472
59957
90557
18295
22040
99932
89202
70029
59439
30212
23045
6933
82760
18904
58015
58690
84745
92937
43629
88245
405
68151
30625
74053
81470
787
82921
85981
53693
25247
27602
67831
69235
58836
16800
50847
68505
23629
73078
95273
96289
64465
35771
7759
26705
43633
57246
21759
74664
69817
55497
89268
63730
50918
69678
48574
87791
83804
75639
33842
21232
68551
85089
34443
22407
51661
95172
48809
39943
63917
28278
16625
80805
50500
6675
63631
79828
26442
23982
62790
18012
98485
93796
73991
40163
95166
12141
81813
48493
46944
90942
3740
14737
12600
3218
91561
39756
93430
22917
41121
15194
46158
89449
97299
712
72091
50331
94017
48031
92879
440
17446
68090
47817
94527
75621
79573
72646
85621
14664
25910
90805
93102
17700
96237
23184
99010
8796
81356
74508
66372
67067
82764
87496
34965
61520
17442
7761
50755
87455
32503
9095
57385
50322
21891
22611
92891
11638
87583
87609
89248
77622
71752
50815
33835
14204
90702
85364
22314
11018
24826
92390
14495
89042
80883
11515
22896
80242
90146
56927
69427
6753
85470
30893
98861
20208
93907
65229
58920
26155
81360
4137
14530
74763
13905
19757
68809
99726
8553
2878
69200
49809
85817
88252
82693
54111
8701
87212
41419
40440
59785
18690
6010
74232
12793
